{
  "camera_angle_x": 1.5258028108510104,
  "camera_angle_y": 0.9844169700721972,
  "fl_x": 2778.274179487095,
  "fl_y": 2786.126717677368,
  "k1": 0.0036370765941356074,
  "k2": -0.002075497930498078,
  "k3": 0,
  "k4": 0,
  "p1": -0.0002458626316919615,
  "p2": 0.0002416497915158202,
  "is_fisheye": false,
  "cx": 2658.701453114651,
  "cy": 1478.328283294936,
  "w": 5312.0,
  "h": 2988.0,
  "aabb_scale": 64,
  "frames": [
    {
      "file_path": "./output/frame_0001.png",
      "sharpness": 26.778580045380814,
      "transform_matrix": [
        [
          0.9923656038988391,
          -0.04875326802324197,
          0.11328559921940634,
          1.5473960075588098
        ],
        [
          0.10658735046819601,
          -0.12307627586004626,
          -0.9866566611745726,
          -5.182549101620432
        ],
        [
          0.06204550630965943,
          0.9911989452743161,
          -0.1169401811542118,
          -0.7108405506329297
        ],
        [
          0.0,
          0.0,
          0.0,
          1.0
        ]
      ]
    },
    {
      "file_path": "./output/frame_0005.png",
      "sharpness": 47.04170675065698,
      "transform_matrix": [
        [
          0.5911878867180065,
          0.05074001463986197,
          0.8049362294288898,
          0.8081960670471142
        ],
        [
          0.8064487044796843,
          -0.022685287804904745,
          -0.5908687373349611,
          -3.1123705734352516
        ],
        [
          -0.0117204783534234,
          0.9984542195644829,
          -0.054330486428568185,
          -0.6102367866022104
        ],
        [
          0.0,
          0.0,
          0.0,
          1.0
        ]
      ]
    },
    {
      "file_path": "./output/frame_0014.png",
      "sharpness": 47.03886930142085,
      "transform_matrix": [
        [
          0.9320436408022916,
          -0.015782137890154764,
          0.3620021763727106,
          -4.256169934629081
        ],
        [
          0.3557774249757451,
          -0.1495057232602104,
          -0.9225348029151168,
          -3.6760275515268157
        ],
        [
          0.0686809686684456,
          0.9886348986213288,
          -0.13373093024905502,
          -0.8744429300218454
        ],
        [
          0.0,
          0.0,
          0.0,
          1.0
        ]
      ]
    },
    {
      "file_path": "./output/frame_0012.png",
      "sharpness": 70.89292219140364,
      "transform_matrix": [
        [
          0.6727837839764758,
          0.057507540843499065,
          0.737600747491068,
          -2.678521026066437
        ],
        [
          0.7394529363801585,
          -0.08447814156072524,
          -0.6678868156183138,
          -3.8713469042319493
        ],
        [
          0.023902612033842592,
          0.9947644576881579,
          -0.09935964368325227,
          -0.33117989529911396
        ],
        [
          0.0,
          0.0,
          0.0,
          1.0
        ]
      ]
    },
    {
      "file_path": "./output/frame_0011.png",
      "sharpness": 68.41837828525239,
      "transform_matrix": [
        [
          0.5564999090790895,
          0.08696157467844345,
          0.8262841736711197,
          -1.8613303374576349
        ],
        [
          0.8307406442498442,
          -0.07420137403036228,
          -0.5516920681711169,
          -3.666738333209509
        ],
        [
          0.01333541004017206,
          0.9934444325458773,
          -0.1135355724747911,
          -0.446775487136437
        ],
        [
          0.0,
          0.0,
          0.0,
          1.0
        ]
      ]
    },
    {
      "file_path": "./output/frame_0000.png",
      "sharpness": 39.69501788121537,
      "transform_matrix": [
        [
          0.9986553864205117,
          -0.04635352077491792,
          0.0232114243428062,
          1.412694512689691
        ],
        [
          0.006865209099369462,
          -0.32555060212718095,
          -0.9454996955886424,
          -5.841799747596536
        ],
        [
          0.05138373295317696,
          0.9443877151401598,
          -0.3247946357541385,
          -0.9890032899395241
        ],
        [
          0.0,
          0.0,
          0.0,
          1.0
        ]
      ]
    },
    {
      "file_path": "./output/frame_0015.png",
      "sharpness": 47.00293304080493,
      "transform_matrix": [
        [
          0.9758781906913762,
          -0.05031666257810614,
          0.21243820356725188,
          -4.455404243262836
        ],
        [
          0.20085732061937206,
          -0.17436462711027859,
          -0.9639778594790775,
          -3.4281451967511547
        ],
        [
          0.08554585683715524,
          0.9833947377406989,
          -0.16005216679700776,
          -1.0400910521436302
        ],
        [
          0.0,
          0.0,
          0.0,
          1.0
        ]
      ]
    },
    {
      "file_path": "./output/frame_0003.png",
      "sharpness": 47.889714795386034,
      "transform_matrix": [
        [
          0.7110583723782624,
          0.030885394041220808,
          0.7024543283663708,
          1.2658183097350308
        ],
        [
          0.7031215030146314,
          -0.025524330125273522,
          -0.7106114694892463,
          -3.4036825595900155
        ],
        [
          -0.0040178390702357274,
          0.9991969780484447,
          -0.039865473314384635,
          -0.6069246445472493
        ],
        [
          0.0,
          0.0,
          0.0,
          1.0
        ]
      ]
    },
    {
      "file_path": "./output/frame_0002.png",
      "sharpness": 40.29394925731513,
      "transform_matrix": [
        [
          0.7889490326872416,
          0.023420923010671765,
          0.6140121205010114,
          1.4057464158640822
        ],
        [
          0.6143867504470227,
          -0.04535391627402805,
          -0.7877004145951177,
          -3.6249531149104928
        ],
        [
          0.009399183538734887,
          0.9986963915918592,
          -0.05017143315396903,
          -0.5922711386084939
        ],
        [
          0.0,
          0.0,
          0.0,
          1.0
        ]
      ]
    },
    {
      "file_path": "./output/frame_0017.png",
      "sharpness": 28.135175780949055,
      "transform_matrix": [
        [
          0.9694255135154727,
          -0.15512023850979806,
          -0.19013649119745282,
          -4.536458249073473
        ],
        [
          -0.21806609965876395,
          -0.18928390794869238,
          -0.9574020985828517,
          -2.8726401660093313
        ],
        [
          0.11252266378444743,
          0.9695923440977042,
          -0.21732311505334548,
          -1.178229151963584
        ],
        [
          0.0,
          0.0,
          0.0,
          1.0
        ]
      ]
    },
    {
      "file_path": "./output/frame_0016.png",
      "sharpness": 31.651987212513614,
      "transform_matrix": [
        [
          0.9947454265722482,
          -0.0981534783741124,
          0.029110666973000517,
          -4.559065847771407
        ],
        [
          0.009749790408967,
          -0.1922274736825634,
          -0.981301961655109,
          -3.152186880871253
        ],
        [
          0.10191407084122321,
          0.9764294613444471,
          -0.19026042446520847,
          -1.1407568716922452
        ],
        [
          0.0,
          0.0,
          0.0,
          1.0
        ]
      ]
    },
    {
      "file_path": "./output/frame_0013.png",
      "sharpness": 65.55577030222057,
      "transform_matrix": [
        [
          0.7904688309155133,
          0.01925724457758687,
          0.6121994657113764,
          -3.3961028998348337
        ],
        [
          0.6112914194391472,
          -0.08762032106604063,
          -0.7865401959569012,
          -3.9374287073615895
        ],
        [
          0.038494516818444256,
          0.9959677895407052,
          -0.0810329211298349,
          -0.35133342195759415
        ],
        [
          0.0,
          0.0,
          0.0,
          1.0
        ]
      ]
    },
    {
      "file_path": "./output/frame_0018.png",
      "sharpness": 24.802727958459165,
      "transform_matrix": [
        [
          0.9430789661932455,
          -0.172623848773137,
          -0.2842588086473025,
          -4.449082668358003
        ],
        [
          -0.3147589013757145,
          -0.18734241714564717,
          -0.9304996790662234,
          -2.726665869609706
        ],
        [
          0.10737270357565276,
          0.9670076656931141,
          -0.2310135860769405,
          -1.1669078657063252
        ],
        [
          0.0,
          0.0,
          0.0,
          1.0
        ]
      ]
    },
    {
      "file_path": "./output/frame_0004.png",
      "sharpness": 53.60341559315544,
      "transform_matrix": [
        [
          0.632624664086886,
          0.041404044149831655,
          0.7733509807661383,
          1.0214960958378823
        ],
        [
          0.7743761761154007,
          -0.019254483436755444,
          -0.6324324491453914,
          -3.2011161669327532
        ],
        [
          -0.011294787396241705,
          0.9989569409790264,
          -0.044243166500803704,
          -0.6158209894947599
        ],
        [
          0.0,
          0.0,
          0.0,
          1.0
        ]
      ]
    },
    {
      "file_path": "./output/frame_0019.png",
      "sharpness": 31.39484827937909,
      "transform_matrix": [
        [
          0.9057604793105362,
          -0.18946883243855525,
          -0.37907718948582564,
          -4.342008577433404
        ],
        [
          -0.41159993854016697,
          -0.18030394483133774,
          -0.8933509825771466,
          -2.621717134379735
        ],
        [
          0.10091305496685729,
          0.9651901620659598,
          -0.24129754727899952,
          -1.1651949012955263
        ],
        [
          0.0,
          0.0,
          0.0,
          1.0
        ]
      ]
    },
    {
      "file_path": "./output/frame_0020.png",
      "sharpness": 36.876126744157666,
      "transform_matrix": [
        [
          0.8103094739625315,
          -0.2236897291426332,
          -0.541628527145326,
          -4.153221234569921
        ],
        [
          -0.5787356061783536,
          -0.16037224394525865,
          -0.7995910464186677,
          -2.4956519612526713
        ],
        [
          0.09199812231520514,
          0.9613759141895999,
          -0.25940835962070696,
          -1.1669436775113364
        ],
        [
          0.0,
          0.0,
          0.0,
          1.0
        ]
      ]
    },
    {
      "file_path": "./output/frame_0010.png",
      "sharpness": 66.38871222842418,
      "transform_matrix": [
        [
          0.5094180693223112,
          0.09265971796444478,
          0.8555158720033387,
          -1.3500879479169143
        ],
        [
          0.8604591049523141,
          -0.06659550479529913,
          -0.5051486587582765,
          -3.5030610467146834
        ],
        [
          0.010166579105793536,
          0.9934682759618877,
          -0.11365485146318587,
          -0.5208899215264484
        ],
        [
          0.0,
          0.0,
          0.0,
          1.0
        ]
      ]
    },
    {
      "file_path": "./output/frame_0008.png",
      "sharpness": 49.605384674067174,
      "transform_matrix": [
        [
          0.48675027518152186,
          0.07615839018175019,
          0.8702149557153056,
          -0.04467668823172036
        ],
        [
          0.8734742008830254,
          -0.030098489926799223,
          -0.4859391950598863,
          -3.099497717501554
        ],
        [
          -0.010816190743229254,
          0.9966413499567709,
          -0.08117283725895957,
          -0.614342121333006
        ],
        [
          0.0,
          0.0,
          0.0,
          1.0
        ]
      ]
    },
    {
      "file_path": "./output/frame_0022.png",
      "sharpness": 54.63774165902569,
      "transform_matrix": [
        [
          0.5167627760722345,
          -0.28144539727605145,
          -0.8085448172817615,
          -3.7190298127142656
        ],
        [
          -0.8528095786011203,
          -0.08614303878633837,
          -0.5150681503591525,
          -2.3236657992305085
        ],
        [
          0.07531305264647703,
          0.9557028121521661,
          -0.2845348465127409,
          -1.1752185294352802
        ],
        [
          0.0,
          0.0,
          0.0,
          1.0
        ]
      ]
    },
    {
      "file_path": "./output/frame_0009.png",
      "sharpness": 66.25112335661458,
      "transform_matrix": [
        [
          0.4878263384066127,
          0.09091335982870054,
          0.8681936561023746,
          -0.9523988953696236
        ],
        [
          0.8729155075836618,
          -0.0583594531763744,
          -0.48436834211628316,
          -3.368196466286303
        ],
        [
          0.006631753644883119,
          0.9941473407721875,
          -0.10782895999544896,
          -0.5722785832767558
        ],
        [
          0.0,
          0.0,
          0.0,
          1.0
        ]
      ]
    },
    {
      "file_path": "./output/frame_0006.png",
      "sharpness": 53.54652597401866,
      "transform_matrix": [
        [
          0.5521349650431182,
          0.05901157561096239,
          0.8316637627405081,
          0.5692043867497368
        ],
        [
          0.8336691746776989,
          -0.02478400092820067,
          -0.5517077672914887,
          -3.0651919100997698
        ],
        [
          -0.011945189156965193,
          0.997949591500732,
          -0.06288024502214218,
          -0.6020294667195593
        ],
        [
          0.0,
          0.0,
          0.0,
          1.0
        ]
      ]
    },
    {
      "file_path": "./output/frame_0007.png",
      "sharpness": 48.93450998895263,
      "transform_matrix": [
        [
          0.511389580208788,
          0.06469084239745394,
          0.8569106091645394,
          0.3118506240618904
        ],
        [
          0.8592632209440865,
          -0.024404450471143257,
          -0.5109512109091825,
          -3.05588864444474
        ],
        [
          -0.01214143173816094,
          0.9976068953459,
          -0.06806664328568651,
          -0.6052998746174836
        ],
        [
          0.0,
          0.0,
          0.0,
          1.0
        ]
      ]
    },
    {
      "file_path": "./output/frame_0023.png",
      "sharpness": 58.417860876866875,
      "transform_matrix": [
        [
          0.3932532509818932,
          -0.29013518737734484,
          -0.8724525509004138,
          -3.558606945266224
        ],
        [
          -0.9165188595201573,
          -0.04824825458311486,
          -0.39707088293290527,
          -2.289747971846973
        ],
        [
          0.0731099222342951,
          0.9557686325203153,
          -0.28488815401076345,
          -1.1766344612336392
        ],
        [
          0.0,
          0.0,
          0.0,
          1.0
        ]
      ]
    },
    {
      "file_path": "./output/frame_0024.png",
      "sharpness": 55.643085827624475,
      "transform_matrix": [
        [
          0.15711752733081716,
          -0.27945560272128867,
          -0.9472162628714128,
          -3.2677929568823196
        ],
        [
          -0.9851042114076006,
          0.023522612545215694,
          -0.1703419483439747,
          -2.260502897466723
        ],
        [
          0.06988401299123556,
          0.9598704353929166,
          -0.27159707642272585,
          -1.1657094394365795
        ],
        [
          0.0,
          0.0,
          0.0,
          1.0
        ]
      ]
    },
    {
      "file_path": "./output/frame_0025.png",
      "sharpness": 50.28469820573549,
      "transform_matrix": [
        [
          -0.07298212829869408,
          -0.24626654804199632,
          -0.9664504106261358,
          -2.9888028516789196
        ],
        [
          -0.9952781248732632,
          0.08016091051877614,
          0.05473282902541886,
          -2.2702007209308293
        ],
        [
          0.0639926800183734,
          0.9658814708210594,
          -0.2509540220102711,
          -1.1394977922625533
        ],
        [
          0.0,
          0.0,
          0.0,
          1.0
        ]
      ]
    },
    {
      "file_path": "./output/frame_0021.png",
      "sharpness": 44.09972066741286,
      "transform_matrix": [
        [
          0.6239685295985922,
          -0.2660748922010517,
          -0.7347567119432952,
          -3.865544584685403
        ],
        [
          -0.7775053876064149,
          -0.11703434637970302,
          -0.6178902281231169,
          -2.367962306570713
        ],
        [
          0.07841330430955833,
          0.9568213592112078,
          -0.2799004112161898,
          -1.1719402467652336
        ],
        [
          0.0,
          0.0,
          0.0,
          1.0
        ]
      ]
    },
    {
      "file_path": "./output/frame_0026.png",
      "sharpness": 43.837311437744944,
      "transform_matrix": [
        [
          -0.2335244249432045,
          -0.2144342210402308,
          -0.9484114654182381,
          -2.799283253962859
        ],
        [
          -0.9706385300320652,
          0.10927029817684154,
          0.21429149762204755,
          -2.3036916271392496
        ],
        [
          0.05768177325245783,
          0.970607009411522,
          -0.23365540064418,
          -1.1103711011049546
        ],
        [
          0.0,
          0.0,
          0.0,
          1.0
        ]
      ]
    },
    {
      "file_path": "./output/frame_0027.png",
      "sharpness": 36.69115159142016,
      "transform_matrix": [
        [
          -0.38962608893369804,
          -0.18178288978396012,
          -0.902854634888129,
          -2.609893341585047
        ],
        [
          -0.9198820944453978,
          0.12451768188828827,
          0.3719035886025834,
          -2.3602614124217927
        ],
        [
          0.044815657161163945,
          0.9754231532082588,
          -0.21573416278603041,
          -1.0851478987787382
        ],
        [
          0.0,
          0.0,
          0.0,
          1.0
        ]
      ]
    },
    {
      "file_path": "./output/frame_0028.png",
      "sharpness": 25.915639357222112,
      "transform_matrix": [
        [
          -0.47888712600802036,
          -0.18429004826887724,
          -0.8583148015662945,
          -2.2664393057718426
        ],
        [
          -0.8771990102412981,
          0.13885755916352735,
          0.45960904548800924,
          -2.524449734178003
        ],
        [
          0.03448212516162506,
          0.9730137492904517,
          -0.22815614537109055,
          -1.0571216120423323
        ],
        [
          0.0,
          0.0,
          0.0,
          1.0
        ]
      ]
    },
    {
      "file_path": "./output/frame_0029.png",
      "sharpness": 23.44757644108794,
      "transform_matrix": [
        [
          -0.46950064244330814,
          -0.20912362230192305,
          -0.8578091030500886,
          -1.9215772002807219
        ],
        [
          -0.8825694626445706,
          0.13899970260566574,
          0.44916614552120276,
          -2.7662482386688807
        ],
        [
          0.025303958849608565,
          0.9679599130165272,
          -0.24982657263408345,
          -1.035367258617566
        ],
        [
          0.0,
          0.0,
          0.0,
          1.0
        ]
      ]
    },
    {
      "file_path": "./output/frame_0030.png",
      "sharpness": 26.11876698258106,
      "transform_matrix": [
        [
          -0.37026526815017363,
          -0.24336522649829215,
          -0.8964803386957622,
          -1.4379848923366911
        ],
        [
          -0.9287716594197077,
          0.11458327407913478,
          0.35249663538767534,
          -3.1721487552996726
        ],
        [
          0.016936228844324525,
          0.9631427930314569,
          -0.26845693196230785,
          -1.015121957513704
        ],
        [
          0.0,
          0.0,
          0.0,
          1.0
        ]
      ]
    },
    {
      "file_path": "./output/frame_0031.png",
      "sharpness": 24.458671581510423,
      "transform_matrix": [
        [
          -0.1990202533417192,
          -0.2488545006947951,
          -0.9478725527087998,
          -1.0194688045274516
        ],
        [
          -0.9797893267904506,
          0.0703606420444974,
          0.18724917932574708,
          -3.5065428075327634
        ],
        [
          0.020095120358328878,
          0.96598178940914,
          -0.25782817650950907,
          -1.025296129518092
        ],
        [
          0.0,
          0.0,
          0.0,
          1.0
        ]
      ]
    },
    {
      "file_path": "./output/frame_0033.png",
      "sharpness": 34.17035391430026,
      "transform_matrix": [
        [
          0.35479691224475135,
          -0.16775939920752725,
          -0.9197695010023293,
          -0.02099369365078651
        ],
        [
          -0.9341795331087477,
          -0.02385122592522476,
          -0.35600522319503924,
          -4.06167957600779
        ],
        [
          0.037785592190403706,
          0.9855393969466256,
          -0.1651797385378137,
          -1.0829370270335386
        ],
        [
          0.0,
          0.0,
          0.0,
          1.0
        ]
      ]
    },
    {
      "file_path": "./output/frame_0034.png",
      "sharpness": 39.749919389494,
      "transform_matrix": [
        [
          0.5320426685347612,
          -0.1314111289726798,
          -0.8364578375360527,
          0.2881599849643473
        ],
        [
          -0.84572852574727,
          -0.03474307875535764,
          -0.5324811538594698,
          -4.14711081987988
        ],
        [
          0.040912829060297,
          0.9907189478329766,
          -0.1296229407069627,
          -1.0836748040349624
        ],
        [
          0.0,
          0.0,
          0.0,
          1.0
        ]
      ]
    },
    {
      "file_path": "./output/frame_0032.png",
      "sharpness": 33.30007842278978,
      "transform_matrix": [
        [
          0.1294239216591909,
          -0.20927056178020007,
          -0.9692550130948557,
          -0.41280014484241306
        ],
        [
          -0.9910793502577211,
          0.004046011033634877,
          -0.13321167849334045,
          -3.893312804902263
        ],
        [
          0.031798899271372486,
          0.9778494064535,
          -0.2068800817821398,
          -1.0584825004325564
        ],
        [
          0.0,
          0.0,
          0.0,
          1.0
        ]
      ]
    },
    {
      "file_path": "./output/frame_0037.png",
      "sharpness": 35.450621696437416,
      "transform_matrix": [
        [
          0.8666290463313865,
          -0.05483692301310241,
          -0.49593044659927915,
          1.0475336517690994
        ],
        [
          -0.49778385553742255,
          -0.027020160703185536,
          -0.866880120940281,
          -4.139948987669796
        ],
        [
          0.034136918088876145,
          0.9981296622806982,
          -0.05071339106519363,
          -0.9607775478070674
        ],
        [
          0.0,
          0.0,
          0.0,
          1.0
        ]
      ]
    },
    {
      "file_path": "./output/frame_0042.png",
      "sharpness": 23.761223216091967,
      "transform_matrix": [
        [
          0.9994989298419156,
          -0.027311427577176885,
          0.015999221965963022,
          2.2613036864456433
        ],
        [
          0.015343434481179408,
          -0.024054483868114606,
          -0.9995928975456579,
          -3.1439858684693407
        ],
        [
          0.027685162054661483,
          0.9993375143884495,
          -0.023623379784462318,
          -0.4872216763815126
        ],
        [
          0.0,
          0.0,
          0.0,
          1.0
        ]
      ]
    },
    {
      "file_path": "./output/frame_0044.png",
      "sharpness": 22.77168760832358,
      "transform_matrix": [
        [
          0.9860269793925848,
          -0.04056948947481273,
          0.16157014689800167,
          2.4472545085970454
        ],
        [
          0.15969452134069867,
          -0.045876759961406215,
          -0.9860998847727204,
          -2.443541292755937
        ],
        [
          0.04741788374256984,
          0.9981229580336446,
          -0.0387569978463474,
          -0.31543054100867546
        ],
        [
          0.0,
          0.0,
          0.0,
          1.0
        ]
      ]
    },
    {
      "file_path": "./output/frame_0045.png",
      "sharpness": 20.232091032396703,
      "transform_matrix": [
        [
          0.9710751120679213,
          -0.03985057168049461,
          0.23542527178271655,
          2.495402835675366
        ],
        [
          0.2319467517482167,
          -0.07665887905204753,
          -0.9697031095214136,
          -1.9777686040034363
        ],
        [
          0.056690660710168546,
          0.9962606828205609,
          -0.06519831890986806,
          -0.23776742750573643
        ],
        [
          0.0,
          0.0,
          0.0,
          1.0
        ]
      ]
    },
    {
      "file_path": "./output/frame_0043.png",
      "sharpness": 22.60223257834432,
      "transform_matrix": [
        [
          0.9950959040403733,
          -0.03458737948523038,
          0.09267067970707166,
          2.37303565460423
        ],
        [
          0.09155224412802546,
          -0.032632220877519234,
          -0.9952654544167032,
          -2.807890784112629
        ],
        [
          0.03744767404952206,
          0.9988687858149948,
          -0.029305637124579762,
          -0.3938729998438704
        ],
        [
          0.0,
          0.0,
          0.0,
          1.0
        ]
      ]
    },
    {
      "file_path": "./output/frame_0035.png",
      "sharpness": 38.5011710809492,
      "transform_matrix": [
        [
          0.6559084430495982,
          -0.10419342276639547,
          -0.7476147704021295,
          0.5146058256021181
        ],
        [
          -0.7537515173057144,
          -0.037226021337066886,
          -0.6561043160156081,
          -4.178129951286179
        ],
        [
          0.04053103098257506,
          0.9938601279466881,
          -0.10295281219957328,
          -1.066110810309688
        ],
        [
          0.0,
          0.0,
          0.0,
          1.0
        ]
      ]
    },
    {
      "file_path": "./output/frame_0046.png",
      "sharpness": 18.058808584238168,
      "transform_matrix": [
        [
          0.944078485361625,
          -0.02186596448849758,
          0.3289949741397911,
          2.5002955924209678
        ],
        [
          0.3231500262679502,
          -0.13684651358677583,
          -0.9364011385307749,
          -1.197295770627426
        ],
        [
          0.06549712924070474,
          0.9903509030903324,
          -0.12212786227519026,
          -0.15307718214987726
        ],
        [
          0.0,
          0.0,
          0.0,
          1.0
        ]
      ]
    },
    {
      "file_path": "./output/frame_0047.png",
      "sharpness": 16.379404216942607,
      "transform_matrix": [
        [
          0.9264449888108084,
          -0.0024210941535765056,
          0.37642239697631474,
          2.4899537789320005
        ],
        [
          0.370937526533087,
          -0.1643304269288681,
          -0.9140026598399238,
          -0.7113339858559841
        ],
        [
          0.06407053969679763,
          0.9864023768344976,
          -0.1513450258605592,
          -0.13752625176795674
        ],
        [
          0.0,
          0.0,
          0.0,
          1.0
        ]
      ]
    },
    {
      "file_path": "./output/frame_0051.png",
      "sharpness": 13.399027207986382,
      "transform_matrix": [
        [
          0.8285070804043208,
          0.10878096090633751,
          0.5493111324187383,
          2.6004257583418826
        ],
        [
          0.558974585004567,
          -0.2193714718607297,
          -0.7996396505002695,
          1.3279832920695016
        ],
        [
          0.033517622067955666,
          0.9695580744936628,
          -0.2425566101543497,
          -0.4373671478245028
        ],
        [
          0.0,
          0.0,
          0.0,
          1.0
        ]
      ]
    },
    {
      "file_path": "./output/frame_0052.png",
      "sharpness": 12.6998399561788,
      "transform_matrix": [
        [
          0.7975501826270803,
          0.13249148520890602,
          0.5885233321403691,
          2.6581366794060126
        ],
        [
          0.6026278175961263,
          -0.21937321465489457,
          -0.7672777242634324,
          1.7677338843146997
        ],
        [
          0.02744849001567146,
          0.966603020364142,
          -0.2548042019930132,
          -0.6431535023751015
        ],
        [
          0.0,
          0.0,
          0.0,
          1.0
        ]
      ]
    },
    {
      "file_path": "./output/frame_0036.png",
      "sharpness": 44.32431642043236,
      "transform_matrix": [
        [
          0.7889904091741832,
          -0.07319316420907461,
          -0.6100302409546365,
          0.805151918425968
        ],
        [
          -0.6132297993538268,
          -0.032417235773607445,
          -0.7892390867213985,
          -4.177864678147939
        ],
        [
          0.03799141192456267,
          0.996790792228954,
          -0.07046111751931716,
          -1.0175834235608108
        ],
        [
          0.0,
          0.0,
          0.0,
          1.0
        ]
      ]
    },
    {
      "file_path": "./output/frame_0053.png",
      "sharpness": 12.39124079140576,
      "transform_matrix": [
        [
          0.7821209001574618,
          0.1427198389119568,
          0.6065623999662202,
          2.684659841462361
        ],
        [
          0.6226353738441119,
          -0.21764259744054476,
          -0.7516361427026379,
          1.9595025263818753
        ],
        [
          0.02474042703149383,
          0.9655375431842188,
          -0.2590852444787245,
          -0.7479826109529375
        ],
        [
          0.0,
          0.0,
          0.0,
          1.0
        ]
      ]
    },
    {
      "file_path": "./output/frame_0054.png",
      "sharpness": 9.999700004862985,
      "transform_matrix": [
        [
          0.7663719943347055,
          0.15196920876994952,
          0.6241629000671507,
          2.710827506518195
        ],
        [
          0.6419956414167921,
          -0.2155266398851765,
          -0.735791997714851,
          2.139823368964768
        ],
        [
          0.022706004880473873,
          0.964600242081423,
          -0.26273715050092655,
          -0.8549586166119715
        ],
        [
          0.0,
          0.0,
          0.0,
          1.0
        ]
      ]
    },
    {
      "file_path": "./output/frame_0055.png",
      "sharpness": 12.468605774896039,
      "transform_matrix": [
        [
          0.7273491100196061,
          0.16913573761130482,
          0.6650987703727326,
          2.759909831179311
        ],
        [
          0.686014831871539,
          -0.20549814564659646,
          -0.6979642989348656,
          2.5261713554247547
        ],
        [
          0.018625857456722374,
          0.9639313327909504,
          -0.26549851794761925,
          -1.0827939302161635
        ],
        [
          0.0,
          0.0,
          0.0,
          1.0
        ]
      ]
    },
    {
      "file_path": "./output/frame_0041.png",
      "sharpness": 30.493578290330767,
      "transform_matrix": [
        [
          0.9972418724318618,
          -0.023827741728069424,
          -0.07029143993181651,
          2.104687535033048
        ],
        [
          -0.07078344526521241,
          -0.020474406839648573,
          -0.9972815563021883,
          -3.440967330038846
        ],
        [
          0.022323791815227114,
          0.9995063968395829,
          -0.02210454546610541,
          -0.5962546931612618
        ],
        [
          0.0,
          0.0,
          0.0,
          1.0
        ]
      ]
    },
    {
      "file_path": "./output/frame_0057.png",
      "sharpness": 12.76128761836001,
      "transform_matrix": [
        [
          0.5817052164983313,
          0.19691353220033223,
          0.7892047274756864,
          2.7448478216093353
        ],
        [
          0.8133930551098569,
          -0.13690590559753155,
          -0.565374664192814,
          3.2875374621058904
        ],
        [
          -0.003283134225871657,
          0.970815035825543,
          -0.23980697900441336,
          -1.374697939801585
        ],
        [
          0.0,
          0.0,
          0.0,
          1.0
        ]
      ]
    },
    {
      "file_path": "./output/frame_0058.png",
      "sharpness": 12.628568860686462,
      "transform_matrix": [
        [
          0.5012275966916594,
          0.21037220904948667,
          0.8393535786003993,
          2.6729132400258364
        ],
        [
          0.8651819192726335,
          -0.10479512137753859,
          -0.49038579618373246,
          3.5319413083802234
        ],
        [
          -0.015203383081562844,
          0.9719884341547449,
          -0.2345364384201328,
          -1.4240870788386553
        ],
        [
          0.0,
          0.0,
          0.0,
          1.0
        ]
      ]
    },
    {
      "file_path": "./output/frame_0050.png",
      "sharpness": 13.701961803538984,
      "transform_matrix": [
        [
          0.8522555810261185,
          0.08569831936417692,
          0.5160583519360412,
          2.5541161930371565
        ],
        [
          0.5215833609781859,
          -0.2148992317802363,
          -0.8256931135297957,
          0.9325999991566418
        ],
        [
          0.04014003124475221,
          0.9728690138842647,
          -0.22784788708708098,
          -0.31968828920784637
        ],
        [
          0.0,
          0.0,
          0.0,
          1.0
        ]
      ]
    },
    {
      "file_path": "./output/frame_0049.png",
      "sharpness": 14.923820837305682,
      "transform_matrix": [
        [
          0.8747446195747399,
          0.062100210583541975,
          0.480588612334372,
          2.5152609754695368
        ],
        [
          0.4823327342139051,
          -0.2070700623206225,
          -0.8511622188489314,
          0.5011078728095785
        ],
        [
          0.04665816087538652,
          0.9763531907427043,
          -0.21108638725598963,
          -0.23322748278905625
        ],
        [
          0.0,
          0.0,
          0.0,
          1.0
        ]
      ]
    },
    {
      "file_path": "./output/frame_0038.png",
      "sharpness": 33.03016855369381,
      "transform_matrix": [
        [
          0.9253411650790803,
          -0.04220041489542389,
          -0.3767795816225961,
          1.343181974791773
        ],
        [
          -0.37794819711689986,
          -0.02408723665186204,
          -0.9255133523219027,
          -4.048583664718794
        ],
        [
          0.029981468511106144,
          0.9988187673185147,
          -0.03823848235428026,
          -0.8875864479418704
        ],
        [
          0.0,
          0.0,
          0.0,
          1.0
        ]
      ]
    },
    {
      "file_path": "./output/frame_0059.png",
      "sharpness": 14.765617539589746,
      "transform_matrix": [
        [
          0.33757028761786795,
          0.23742324745485824,
          0.9108657982494093,
          2.4508085049866386
        ],
        [
          0.9405229309493633,
          -0.045755211392733655,
          -0.33663493132530037,
          3.924084330332654
        ],
        [
          -0.03824810145268317,
          0.9703281208607686,
          -0.23874760844162052,
          -1.4487165330016727
        ],
        [
          0.0,
          0.0,
          0.0,
          1.0
        ]
      ]
    },
    {
      "file_path": "./output/frame_0056.png",
      "sharpness": 11.916853088189958,
      "transform_matrix": [
        [
          0.6516178362656441,
          0.18452497886576877,
          0.735761325138813,
          2.7769232426736066
        ],
        [
          0.7585101263164693,
          -0.16812410706928974,
          -0.6296004073196682,
          3.011143540103763
        ],
        [
          0.007522213950539149,
          0.968341270799424,
          -0.24951673190060206,
          -1.2981956836748343
        ],
        [
          0.0,
          0.0,
          0.0,
          1.0
        ]
      ]
    },
    {
      "file_path": "./output/frame_0061.png",
      "sharpness": 15.497992640070631,
      "transform_matrix": [
        [
          0.08207649877492408,
          0.24987003807731187,
          0.9647944922909993,
          2.050703525144857
        ],
        [
          0.9944663263775274,
          0.0431628843265828,
          -0.09577938774788405,
          4.332367108153956
        ],
        [
          -0.06557571233326598,
          0.967316871259054,
          -0.2449446804160041,
          -1.3136892338453907
        ],
        [
          0.0,
          0.0,
          0.0,
          1.0
        ]
      ]
    },
    {
      "file_path": "./output/frame_0048.png",
      "sharpness": 15.947728812620053,
      "transform_matrix": [
        [
          0.8997158241433234,
          0.03319058656699294,
          0.43521238572034404,
          2.4905936766396106
        ],
        [
          0.43306595257226815,
          -0.19228045381894687,
          -0.880614619343455,
          -0.036921515575830934
        ],
        [
          0.05445471927845594,
          0.9807785743884859,
          -0.18737147996243309,
          -0.16347573948288524
        ],
        [
          0.0,
          0.0,
          0.0,
          1.0
        ]
      ]
    },
    {
      "file_path": "./output/frame_0060.png",
      "sharpness": 14.280905121407653,
      "transform_matrix": [
        [
          0.2447735265291737,
          0.246897183366388,
          0.9376181000232294,
          2.300387525924524
        ],
        [
          0.9683212040048429,
          -0.01298266530321544,
          -0.24937019925364068,
          4.102562720363577
        ],
        [
          -0.049396017836400435,
          0.9689547105938228,
          -0.24225359063276114,
          -1.413200225932598
        ],
        [
          0.0,
          0.0,
          0.0,
          1.0
        ]
      ]
    },
    {
      "file_path": "./output/frame_0062.png",
      "sharpness": 17.575910758729464,
      "transform_matrix": [
        [
          -0.1051368363704406,
          0.2410437784483511,
          0.9648026442979475,
          1.780868480047771
        ],
        [
          0.9911592457990686,
          0.10435308814916468,
          0.08193767424279573,
          4.496106722714627
        ],
        [
          -0.08092956879021729,
          0.9648877291167398,
          -0.24988412320491415,
          -1.2138889162819044
        ],
        [
          0.0,
          0.0,
          0.0,
          1.0
        ]
      ]
    },
    {
      "file_path": "./output/frame_0039.png",
      "sharpness": 33.01882126388931,
      "transform_matrix": [
        [
          0.9570391714587593,
          -0.03460023138980907,
          -0.28788686704373556,
          1.5862930247804763
        ],
        [
          -0.28873299664050767,
          -0.02252654766539888,
          -0.9571446135777159,
